99.98
104.39
109.13
114.55
120.25
125.27
125.28
126.45
127.61
128.84
130.14
131.44
132.06
132.68
133.34
133.97
134.6
134.67
134.74
134.24
134.25
134.24
134.24
133.72
133.17
132.61
132.05
131.46
130.95
130.44
129.97
129.51
129.05
128.58
129.14
129.79
130.38
130.97
131.35
131.92
132.53
133.13
133.67
134.28
134.87
134.4
133.93
133.47
133.01
132.53
131.99
131.46
130.94
130.41
129.89
129.31
128.77
126.15
125.63
125.17
124.71
124.22
123.66
123.12
122.62
122.12
121.62
121.12
120.61
120.19
120.73
121.21
121.71
121.72
121.54
121.09
120.62
120.16
119.64
119.21
118.77
118.34
117.9
117.45
117.08
116.63
116.19
115.79
115.36
115.56
114.75
113.94
113.16
112.41
111.61
110.82
110.03
109.29
108.53
107.84
107.19
106.57
105.77
106.75
107.82
108.81
108.25
109.08
110.08
110.66
111.68
112.75
113.82
114.83
115.97
117.12
118.17
119.35
120.47
121.67
122.89
124.11
125.34
124.53
125.77
127.03
128.29
129.57
130.86
132.17
133.49
134.83
136.19
137.56
136.85
135.96
135.27
136.63
135.96
135.28
134.64
133.99
133.38
132.8
133.14
134.47
135.81
137.17
136.7
138.07
139.39
140.68
140.19
140.66
141.52
142.39
143.8
145.24
146.68
148.15
149.62
151.12
152.61
154.1
155.54
157.07
158.63
160.21
161.6
163.21
164.84
166.49
168.16
169.81
171.51
173.19
174.92
176.66
178.43
180.22
181.97
183.69
185.51
187.36
189.24
188.33
187.22
186.22
187.79
189.66
188.65
187.63
186.88
185.92
185
184.08
183.19
182.33
181.82
180.92
182.48
184.29
186
187.49
189.12
191.01
192.85
194.67
196.61
198.57
200.51
202.51
204.53
206.53
208.25
210.07
211.86
213.98
215.78
216.43
218.6
220.72
222.77
224.65
226.88
228.93
231.22
233.55
235.8
236.67
237.45
238.25
240.62
242.24
244.5
246.31
248.53
250.85
252.97
255.45
257.35
259.6
262.19
264.81
265.77
266.66
269.35
270.27
272.91
273.71
274.41
277
277.85
278.68
279.51
280.17
282.83
285.65
286.22
287.15
288.03
290.85
291.71
292.75
293.75
296.52
297.68
298.77
299.66
300.62
301.83
303.06
305.74
306.63
306.85
307.38
307.39
307.87
307.95
308.53
309.05
311.61
311.84
312.42
312.73
313.24
314.18
314.72
315.56
316.43
316.44
317.04
319.68
319.77
337.11
342.41
347.99
359.59
360.5
360.37
360.1
362.45
364.66
365.39
367
368.32
369.76
371.76
373.53
375.23
376.14
376.92
376.38
377.05
377.49
377.66
377.31
377.99
378.89
378.69
378.12
379.13
380.77
381.44
381.24
381.01
381.12
381.33
381.47
381.93
382.43
381.65
382.03
391.11
400.61
406.72
410.55
414.42
413.85
410.06
399.88
407.25
414.4
424.58
436.09
444.16
445.38
453.62
449.21
449.96
454.65
468.11
491.5
506.53
514.04
523.36
544.35
571.82
598.11
616.99
1266.49
1339.99
1421.57
1301.35
1193.17
1160.17
1234.71
1183.24
1141.02
1059.07
1104.46
1105.76
1093.46
1126.62
1187.02
1178.3
1171.71
1171.85
1166.7
1169.57
1168.43
1171.94
1169.9
1158.17
1151.06
1160.23
1164.67
1169.51
1191.19
1194.18
1187.48
1189.16
1201.01
1206.46
1185.5
1178.53
1188.62
1136.33
1114.05
1107.69
1124.64
1125.56
1098.82
1082.39
1035.66
1014.57
1142.02
1149.33
1105.95
1087.12
1057.4
1052.07
1031.55
1035.63
1012.55
1002.17
1005.23
964.09
863.41
781.21
850.94
858.38
939.46
933.44
939.51
932.32
916.25
884.1
849.57
877.25
863.77
848.2
823.27
824.96
787.67
764.11
753.58
702.83
640.12
635.74
692.78
776.29
734.98
738.16
769.04
761.72
754.4
733.44
722.7
712.37
730.57
729.79
724.7
710.63
702.32
679.62
674.24
665.26
643.69
660.29
690.57
673.99
663.75
663.53
664.75
632.4
616.29
585.7
539.8
559.73
506.94
450.28
463.21
484.25
507.25
477.61
479.81
469.9
462.63
457.05
428.61
400.53
410.16
415.79
414.09
399.32
393.52
407.61
398.95
401.44
410.39
440.04
571.63
562.01
637.67
724.6
716.74
722.2
808.2
807.02
793.25
753.94
676.45
625.23
722.28
705.07
682.24
685.82
707.82
698.13
731.68
725.78
732.05
758.59
764.28
757.31
768.91
767.52
780.39
814.04
858.72
847.44
868.97
889.47
977.42
987.26
1024.05
1086.43
1063.76
1055.32
991.83
1043.31
1074.26
1100.31
1162.44
1150.37
1198.48
1278.5
1310.58
1300.56
1371.58
1332.96
1393.17
1474.92
1454.46
1397.38
1458.76
1536.82
1513.48
1504
1508.22
1499.74
1456.29
1367.36
1264.96
1410.36
1339.88
1199.73
1245.11
1231.77
1159.13
1109.54
1209.65
1137.79
1188.97
1261.8
1236.37
1171.73
1222.55
1202.85
1184.48
1174.99
1036.92
971.25
956.97
945.42
1039.76
970.45
958.05
925.91
947.23
944.01
947.87
1059.62
1099.62
1238.87
1243.02
1203.54
1297.36
1272.39
1278.84
1214.75
1223.22
1235.52
1222.56
1267.35
1260.25
1345.61
1363.44
1372.5
1349.68
1358.78
1352.24
1241.16
1246.82
1162.92
1199.81
1128.29
1136.74
1140.19
1177.28
1167.47
1140.04
1130.26
1147.22
1165.4
1143.97
1026.13
997.95
995.45
963.61
972.77
935.48
928.58
1081.2
1018.29
1004.3
1064.98
1074.58
1065.19
1044.44
1047
1000.43
1001.61
1004.24
998
1005.98
977.61
981.13
986.02
980.17
1006.64
1002.42
1028.44
1007.05
997.53
986.98
952.31
897.64
903.79
896.16
868.57
845.52
870.05
836.39
838.7
846.87
836.98
808.21
811.74
815.53
813.54
787.81
791.62
798.33
806.67
881.07
843.27
832.72
850.54
849.3
855.52
885.27
862.08
883.02
917.04
947.26
1023.87
974.11
947.93
968.51
946.54
893.23
894.44
911.4
903.91
894.59
899.27
895.68
893.97
901.39
922.69
947.53
909.04
909.13
901.66
903.56
879.24
876.62
880.78
875.08
881.41
875
890.23
881.24
884.02
875.81
880.98
898.15
886.12
890.27
892.55
885.86
885.04
887.62
874.76
868.38
871.42
859.7
855.04
856.92
835.25
839.6
843.85
832.25
818.81
784.97
783.23
778.38
824.66
814.82
816.71
812.67
805.71
804.26
814.39
836.99
846.15
833.17
848.27
865.97
890.46
880.33
887.65
903.07
924.67
949.77
957.95
953.23
986.69
965.39
972.96
984.93
974.8
972.8
980.67
995.72
1022.34
1009.67
984.9
978.57
950.77
925.2
940.61
908.08
901.7
783.79
840.34
821.19
833.77
834.39
839.9
839.57
821.16
826.23
833.8
833.9
832.69
846.98
869.33
879.64
900.3
891.79
888.04
897.46
849.23
859.28
835.06
807.5
802.61
812.88
839.2
815.89
812.41
818.6
799.26
770.25
755.15
772.2
780.17
797.86
779.91
772.76
776.1
768.57
769.18
754.41
768.17
759.71
758.84
787.42
770.98
757.29
742.06
734.45
726.3
718.4
711.27
716.11
698.89
717.38
788.42
772.76
793.87
776.04
765.22
731.62
739.31
725.21
724.3
719.05
702.23
706.91
706.34
704.46
698.84
694.38
682.75
679.74
677.31
678.85
659.05
665.61
656.79
636.08
626.79
604.15
572.73
540.24
582.43
566.07
560.8
579.72
598.5
599.63
592.56
605.77
619.58
590.87
585.8
581.7
595.38
591.18
582.16
590.39
592.57
592.02
583.32
590.54
594.22
587.65
590.46
586.76
577.46
573.36
544.26
556.26
545.05
546.58
548.75
542.97
529.76
533.56
523
514.54
492.03
490.75
496.11
506.36
527.85
502.43
498.07
505.18
500.39
492.33
472.1
469.95
468.2
469.29
458.37
438.58
443.61
431.71
425.98
437.75
428.15
429.21
437.62
431.8
413.93
398.96
400.48
393.87
380.9
363.73
375.39
388.75
371.1
339.81
333.92
445.64
432.61
522.98
562.77
683.04
711.8
621.58
739.66
689.31
689.66
665.88
693.01
725.04
748.56
713.85
681.8
714.61
705.71
722.23
707.41
710.68
756.2
785.33
790.19
830.18
940.61
1004.92
931.57
972.84
962.52
1019.97
1033.47
974.86
972.54
978.99
927.62
914.39
969.03
918.44
867.65
880.6
870.15
912.38
839.37
791.15
706.42
660.5
738.03
698.93
705.07
711.01
635.38
663.75
616.34
624.52
652.89
718.99
712.71
785.85
744.52
686.31
703.62
677.45
654.98
673.79
667.86
717.36
666.77
674.67
709.69
723.91
711.68
731.16
733.39
705.43
706.63
697.17
698.81
699.1
692.39
679.61
678.02
685.33
681.49
687.56
683.59
682.3
677.91
663.13
653.98
652.85
643.86
640.67
620.47
636.68
625.21
666.68
680.23
653.37
667.94
672.47
673.48
677.84
675.88
660.88
649.59
645.06
647.87
639.88
653.81
646.89
640.76
625.97
610.3
613.13
602.12
597.84
588.81
587.94
593.64
571.72
571.24
553.44
547.57
555.77
553.1
562.59
533.72
532.49
533.75
553.35
541.38
548.84
548.11
542.84
538.37
533.76
534.96
541.14
594.64
589.12
558.43
561.27
549.26
556.95
560.85
577.22
616.3
632.96
620.8
605.59
586.29
586.23
588.24
572.6
579.88
593.52
585.45
591.95
613.7
611.13
611.77
629.36
626.55
637.15
630.93
646.92
656.88
660.16
649.7
659.06
673.72
667.39
641.08
644.74
632.76
640.04
631.26
625.52
631.51
645.2
635.99
619.73
619.84
601.83
573.31
579.93
579.04
580.38
571.2
574.17
571.51
578.5
565.14
568.06
584.84
582.04
578.85
582.89
763.51
855.81
897.42
750.3
741.93
696.85
727.62
710.59
711
700.51
708.67
716.82
691.64
689.13
716.45
695.93
702.62
698.72
698.95
689.22
646.85
646.54
638.96
640.66
651.81
644.47
650.14
653.4
649.93
647.64
643.92
630.58
613.18
620.62
636.03
637.77
666.78
666.24
649.19
648.91
656.15
652.8
695.45
715.47
690.98
690.3
693.56
709.92
703.58
691.12
697.72
695.42
695.55
715.4
699.99
703.44
709.88
718.08
712.53
717.46
735.15
744.99
776.13
751.48
767.66
769.45
757.43
739.06
739.86
729.89
733.85
727.58
725.62
722.08
715.73
723.87
728.84
737.89
739.53
753.75
753.84
751.08
775.45
763.69
763.18
758.13
755.93
757.4
736.74
726.14
731.17
730.01
723.35
728.86
708.46
711.19
722.43
717.79
724.88
719.96
706.29
708.63
710.89
704.4
702.98
701.34
702.4
716.83
702.79
726.29
723.09
723.57
760.41
731.47
722.37
722.78
717.32
723.39
721.7
727.78
736.15
729.69
711.61
711.2
708.76
688.7
688.87
692.2
682.44
676.19
674.74
678.42
663.32
658.37
659.37
645.03
652.57
641.59
641.14
633.81
634.92
637.22
628.43
631.84
636.78
619.26
629.45
613.8
614.75
603.89
592.14
592.06
601.04
597.43
594.24
580.03
572.22
570.4
556.82
555.29
537.87
542.42
558.76
536.37
539.17
558.62
547.62
545.64
547.11
551.04
547.76
537.31
517.63
523.51
516.46
519.6
522.63
521.37
525.57
529.14
532.57
537.35
536.68
536.04
522.85
520.69
524.3
521.86
525.41
523.85
529.58
529.25
536.98
552.94
601.98
587.06
559.7
569.33
573.13
568.12
563.88
563.2
562.3
562.39
567.87
566.55
569.67
569.76
570.18
570.24
563.52
562.35
554.04
556.39
566.19
557.21
560.98
563.19
582.53
581.38
578.07
579.82
583.38
586.96
584.67
590.85
593.38
600.28
618.12
613.97
623.77
664.65
652.67
707.61
738.62
681.16
654.43
650.04
671.28
661.16
661.27
656.9
661.47
666.1
665.41
682.05
683.07
711.93
703.084
661.852
668.621
642.673
639.802
637.959
646.912
650.555
636.364
643.65
641.092
651.511
696.97
702.637
727.341
764.386
752.26
755.772
768.681
777.275
751.996
793.564
796.911
793.585
796.108
793.339
780.65
801.463
806.461
804.251
761.115
759.713
786.134
785.429
785.379
807.339
817.612
820.046
792.068
796.41
789.158
823.08
808.99
818.044
856.928
884.939
871.487
887.596
868.159
845.123
855.421
836.932
822.477
835.105
838.875
853.193
862.223
867.267
875.999
871.604
886.046
874.805
871.645
865.827
853.87
835.209
822.442
833.606
818.196
803.693
773.068
787.467
796.839
788.734
809.938
804.778
800.223
812.015
814.383
801.234
793.586
764.449
769.245
757.087
779.069
778.293
776.479
760.756
769.099
805.538
851.986
849.924
835.181
854.664
875.525
865.486
863.459
864.663
877.607
874.011
904.095
909.894
940.786
937.293
933.883
952.322
939.932
964.392
976.471
1010.834
1007.914
1012.672
1022.864
1017.518
958.939
976.71
930.789
945.117
928.029
915.051
928.141
919.674
933.969
943.003
940.522
953.19
950.827
1004.689
1015.958
1014.925
940.773
951.832
976.55
967.589
980.381
992.639
1032.947
1134.523
1122.989
1169.92
1212.081
1212.889
1247.658
1230.254
1244.9
1177.136
1110.038
1000.022
905.579
972.73
902.423
885.238
902.014
865.577
895.177
924.235
922.348
934.213
917.018
919.435
899.613
876.495
898.171
896.408
906.975
918.401
929.521
907.85
916.718
915.006
919.851
933.28
929.113
942.436
945.8
953.918
959.057
956.311
962.102
960.171
964.742
982.404
894.847
962.691
965.082
1017.131
1009.564
1017.958
1031.514
1025.3
1040.273
1063.045
1068.163
1052.147
1079.134
1077.72
1099.679
1109.733
1126.162
1117.281
1125.8
1158.476
1162.634
1161.265
1120.719
1167.168
1191.732
1197.844
1215.308
1214.257
1202.668
1234.617
1241.028
1233.847
1246.03
1260.963
1276.409
1247.264
1286.849
1281.891
1278.525
1316.92
1324.956
1327.784
1323.369
1338.033
1362.075
1365.497
1378.842
1380.281
1364.975
1351.997
1376.77
1393.749
1448.926
1482.993
1495.457
1405.184
1467.227
1500.398
1464.282
1379.22
1417.674
1315.921
1344.611
1381.115
1354.882
1235.223
1254.266
1251.551
1281.744
1270.351
1263.349
1285.182
1336.283
1338.756
1361.186
1360.232
1275.304
1274.92
1241.742
1220.395
1212.766
1243.979
1261.466
1245.934
1232.68
1230.74
1291.199
1283.495
1303.928
1297.592
1284.459
1250.272
1199.061
1150.623
1159.342
1096.819
1109.666
1120.841
1120.154
1154.794
1185.72
1200.114
1190.826
1197.226
1209.857
1193.525
1208.248
1198.861
1174.217
1170.862
1141.777
1153.229
1179.421
1189.76
1192.828
1200.333
1196.274
1171.941
1199.24
1206.053
1184.083
1146.809
1120.127
1168.113
1143.064
1134.634
1132.905
1144.639
1164.545
1171.833
1184.096
1194.043
1198.513
1213.892
1221.064
1229.865
1226.303
1240.82
1251.298
1251.55
1255.229
1231.027
1256.041
1242.713
1208.697
1179.286
1187.22
1167.557
1172.366
1184.521
1103.974
1041.965
1110.012
1117.01
1109.634
1084.072
1097.383
1098.903
1102.573
1134.868
1122.466
1130.785
1119.817
1117.928
1125.782
1150.307
1176.489
1187.368
1191.87
1177.52
1173.364
1178.306
1235.827
1177.924
1184.086
1174.846
1180.393
1180.854
1184.7
1194.038
1181.123
1195.141
1185.784
1186.634
1174.189
1185.024
1197.832
1191.333
1183.349
1181.627
1172.427
1158.555
1124.941
1125.528
1143.818
1122.516
1139.628
1133.087
1130.167
1122.546
1135.873
1136.204
1139.364
1148.171
1157.842
1159.169
1153.84
1168.026
1174.802
1146.522
1154.166
1160.768
1169.007
1171.254
1169.664
1181.278
1191.919
1186.606
1181.143
1194.102
1220.473
1233.62
1244.07
1237.164
1239.901
1226.966
1167.647
1202.215
1215.431
1213.962
1213.129
1203.715
1200.203
1204.43
1222.913
1248.04
1236.513
1250.238
1246.295
1245.911
1236.236
1238.5
1229.831
1232.584
1226.02
1208.603
1208.218
1194.673
1206.674
1206.53
1188.306
1201.789
1213.253
1207.541
1206.452
1200.834
1199.832
1190.037
1178.97
1184.961
1188.482
1202.835
1193.909
1188.715
1187.501
1179.869
1194.017
1191.553
1188.865
1223.565
1249.435
1243.016
1254.965
1269.015
1286.084
1306.378
1303.14
1322.793
1297.225
1311.514
1318.748
1313.721
1324.707
1316.246
1298.107
1296.005
1305.223
1332.182
1324.559
1315.167
1310.378
1332.99
1332.499
1343.448
1352.926
1352.52
1348.412
1327.873
1357.595
1354.606
1349.649
1369.262
1367.127
1368.087
1368.183
1362.292
1357.431
1366.656
1375.817
1389.366
1390.416
1399.542
1397.895
1411.206
1415.575
1413.08
1420
1406.303
1408.614
1403.73
1369.65
1368.297
1347.677
1383.388
1365.341
1348.588
1348.942
1370.685
1392.878
1399.356
1397.956
1401.742
1382.036
1385.618
1361.432
1339.202
1316.441
1331.65
1335.125
1315.283
1324.4
1338.984
1343.232
1360.619
1358.813
1336.558
1335.466
1325.633
1314.715
1287.073
1313.01
1299.148
1316.271
1326.821
1321.899
1317.946
1311.94
1315.302
1316.919
1302.102
1293.457
1307.44
1294.162
1271.069
1234.581
1207.672
1190.554
1204.18
1168.026
1070.41
1071.3
1126.081
1149.907
1177.623
1178.554
1179.066
1160.288
1145.216
1129.722
1150.223
1143.125
1136.89
1147.197
1163.527
1178.375
1167.597
1190.683
1213.674
1218.005
1239.605
1230.126
1252.138
1233.703
1207.001
1222.379
1222.634
1229.862
1199.061
1221.578
1230.211
1231.747
1242.896
1234.779
1217.457
1213.785
1228.71
1236.932
1247.146
1244.068
1240.595
1254.814
1251.525
1246.236
1243.645
1207.825
1216.094
1217.429
1208.266
1216.788
1225.929
1216.76
1217.316
1223.478
1236.872
1235.804
1253.275
1259.765
1283.121
1286.559
1286.199
1282.988
1282.508
1293.743
1290.595
1285.503
1275.607
1275.374
1273.785
1278.916
1263.85
1252.818
1245.081
1247.417
1234.358
1236.969
1232.506
1219.196
1209.541
1223.258
1224.087
1204.635
1214.21
1196.296
1194.844
1183.062
1160.09
1155.92
1154.428
1185.966
1172.512
1168.981
1173.913
1159.937
1142.729
1148.264
1146.7
1125.819
1119.965
1132.59
1137.729
1168.814
1172.813
1158.868
1148.154
1148.655
1137.309
1153.119
1158.551
1151.374
1158.499
1162.35
1148.123
1138.21
1146.493
1140.975
1134.673
1120.531
1126.404
1116.865
1103.497
1081.442
1065.816
1090.087
1097.975
1100.919
1128.736
1128.954
1132.357
1142.107
1136.941
1132.736
1149.925
1158.702
1164.639
1166.93
1159.096
1151.991
1172.933
1172.743
1170.949
1169.034
1156.854
1161.12
1169.489
1157.507
1158.054
1168.504
1184.402
1194.469
1199.6
1201.634
1202.469
1205.139
1195.337
1178.192
1181.517
1170.616
1166.237
1159.473
1171.603
1144.065
1137.162
1139.997
1112.791
1091.695
1091.089
1116.405
1120.927
1111.757
1116.932
1128.224
1120.738
1071.927
1095.402
1099.996
1088.863
1063.277
1065.557
1059.874
1109.089
1147.707
1168.72
1213.654
1202.885
1236.046
1283.02
1277.15
1279.326
1311.594
1287.931
1268.324
1285.579
1326.518
1333.644
1348.606
1364.345
1370.39
1427.707
1387.592
1460.168
1501.007
1498.915
1546.408
1564.444
1606.5
1654.11
1593.859
1693.16
1739.205
1689.428
1560.787
1613.533
1581.819
1517.253
1568.652
1577.987
1584.75
1559.732
1524.821
1559.52
1549.336
1519.741
1479.076
1574.603
1609.811
1550.73
1585.98
1602.031
1590.713
1597.199
1595.86
1601.459
1616.276
1626.841
1649.128
1653.537
1646.593
1628.836
1602.147
1583.401
1575.642
1571.901
1560.068
1576.405
1581.929
1637.743
1628.934
1644.999
1648.469
1625.765
1638.233
1633.9
1619.039
1627.116
1599.552
1611.958
1587.887
1560.678
1562.794
1571.598
1675.122
1659.929
1670.143
1672.892
1662.803
1645.511
1648.558
1633.835
1625.588
1617.057
1604.203
1619.326
1602.158
1591.432
1584.954
1570.702
1534.515
1522.48
1537.796
1507.422
1508.726
1543.798
1501.665
1470.9
1485.827
1458.53
1497.462
1468.266
1482.667
1536.821
1514.525
1504.563
1493.096
1487.469
1475.684
1464.828
1465.232
1471.375
1464.03
1450.152
1443.905
1450.327
1451.536
1431.319
1462.79
1482.452
1468.472
1464.588
1466.434
1454.578
1444.241
1444.513
1435.468
1434.973
1447.116
1435.837
1437.233
1426.995
1428.261
1424.848
1416.726
1428.939
1417.107
1422.263
1451.057
1434.867
1419.551
1395.497
1387.51
1369.461
1355.367
1345.352
1348.821
1356.926
1366.58
1406.371
1409.682
1463.942
1516.604
1545.112
1479.781
1438.02
1424.442
1408.848
1433.33
1426.623
1440.724
1466.863
1465.085
1477.344
1476.506
1481.117
1506.767
1534.997
1673.943
1670.67
1693.109
1640.649
1668.091
1677.136
1632.294
1594.93
1634.309
1631.576
1704.855
1714.578
1697.744
1713.014
1738.021
1681.085
1694.798
1726.033
1732.346
1705.049
1728.875
1685.347
1681.471
1607.527
1658.601
1699.248
1710.324
1720.446
1747.241
1730.499
1775.914
1791.441
1788.807
1810.984
1800.225
1801.003
1760.692
1771.199
1809.141
1819.896
1826.061
1821.174
1807.328
1831.548
1833.665
1795.058
1813.495
1828.71
1847.071
1841.064
1837.398
1833.469
1832.779
1806.83
1836.321
1836.637
1806.638
1752.689
1724.048
1720.608
1704.587
1724.538
1725.398
1758.537
1777.828
1824.736
1832.075
1855.493
1880.704
1879.617
1898.748
1877.471
1894.554
1903.488
1916.25
1899.092
1925.544
1935.031
1925.206
1900.787
1912.557
1938.674
1932.29
1942.285
1926.944
1915.205
1895.348
1913.131
1913.901
1939.627
1948.639
1942.898
1947.481
1937.261
1928.106
1895.637
1907.931
1909.187
1902.552
1932.792
1948.021
1960.541
1973.374
1979.201
1987.192
1982.479
1993.986
1998.426
1991.56
1996.336
1989.239
1996.577
2012.319
2012.35
2012.793
2023.539
2028.151
2030.683
2036.301
2026.361
2039.419
2049.916
2061.18
2065.943
2062.666
2076.3
2076.823
2083.467
2091.586
2090.183
2108.69
2074.703
2057.919
2071.161
2086.703
2100.585
2105.476
2076.143
2021.199
1999.859
2010.602
1963.792
1925.907
1950.663
1959.312
1972.043
1979.095
1988.936
1979.505
1978.434
1946.753
1903.154
1922.289
1907.306
1891.984
1875.911
1887.829
1914.086
1889.289
1910.161
1915.35
1942.149
1933.726
1926.324
1918.157
1902.809
1909.49
1922.845
1913.42
1947.455
1958.938
1956.344
1977.254
1967.673
1967.405
1973.578
1961.287
1977.363
1984.26
1981.631
1991.173
1997.077
2012.908
2032.482
2047.458
2070.788
2085.118
2081.905
2095.984
2093.235
2101.389
2097.982
2113.303
2119.439
2053.37
2049.671
2079.396
2067.495
2070.613
2081.843
2092.139
2091.67
2075.627
2075.044
2073.163
2046.076
2059.053
2056.12
2051.079
2039.364
2044.545
2049.032
2071.268
2076.886
2069.768
2068.174
2076.266
2058.244
2053.704
2073.477
2103.469
2123.899
2117.405
2125.3
2102.064
2101.135
2125.615
2119.141
2104.747
2032.443
2045.887
2034.584
2043.11
2065.606
2008.032
1995.315
1979.939
1930.138
1956.97
1961.221
1963.528
1963.2
1946.479
1941.964
1967.55
1953.218
1909.326
1907.26
1936.346
1954.693
1962.042
1959.18
1965.121
1985.111
1984.2
1990.06
1991.177
2000.9
2011.66
2012.552
1998.699
2018.616
2022.601
2020.236
2036.617
2045.793
2066.39
2087.532
2053.539
2089.881
2107.258
2106.874
2101.658
2112.775
2125.084
2123.052
2090.719
2112.6
2108.606
2117.367
2128.479
2131.397
2134.798
2145.4
2168.059
2176.679
2172.564
2172.87
2152.335
2150.426
2166.174
2119.18
2105.056
2115.109
2119.184
2137.994
2132.89
2147.283
2155.405
2178.466
2191.064
2199.505
2194.647
2203.372
2213.595
2210.337
2197.595
2198.297
2193.576
2179.699
2180.276
2211.201
2214.257
2219.591
2226.779
2234.987
2238.501
2229.812
2223.068
2214.623
2222.959
2242.423
2202.398
2210.97
2167.647
2170.454
2163.123
2189.145
2206.067
2230.197
2233.591
2229.828
2219.25
2218.029
2205.985
2211.83
2202.058
2181.663
2170.521
2169.655
2189.785
2168.74
2165.491
2161.34
2146.236
2140.981
2146.541
2150.265
2179.624
2169.007
2136.454
2112.256
2094.009
2065.728
1956.823
1920.318
1986.928
1957.023
1958.692
1882.126
1903.932
1895.169
1924.59
1955.036
1955.1
1939.542
1947.359
1919.645
1924.003
1934.489
1938.871
1903.446
1902.99
1886.8
1827.25
1843.385
1847.536
1839.631
1834.138
1817.19
1862.36
1868.27
1861.561
1808.844
1856.529
1863.78
1852.604
1839.909
1818.382
1784.608
1798.622
1822.695
1818.419
1807.019
1794.961
1793.884
1767.814
1764.932
1764.867
1726.533
1744.64
1686.612
1638.326
1691.326
1687.28
1655.902
1643.066
1615.579
1572.453
1520.669
1670.562
1718.06
1676.499
1677.878
1700.477
1682.769
1689.17
1707.754
1691.351
1679.572
1671.278
1594.05
1605.871
1630.359
1621.195
1615.931
1617.102
1621.344
1646.763
1669.894
1699.732
1705.664
1715.813
1712.564
1705.885
1722.589
1735
1732.296
1747.993
1762.562
1769.681
1745.227
1751.182
1745.407
1748.682
1728.878
1715.172
1688.013
1675.514
1665.938
1687.29
1672.698
1631.537
1640.142
1606.104
1611.17
1633.643
1627.923
1639.484
1645.971
1611.393
1596.76
1583.461
1561.349
1576.437
1535.593
1485.108
1459.653
1479.619
1419.519
1415.438
1366.968
1358.691
1444.965
1456.404
1451.484
1359.549
1392.775
1396.605
1491.665
1485.77
1511.327
1518.28
1485.802
1515.394
1506.615
1530.284
1531.43
1538.319
1524.701
1502.54
1526.804
1560.079
1569.208
1613.001
1640.256
1664.094
1643.692
1623.432
1665.151
1620.976
1623.884
1665.357
1682.51
1685.017
1669.694
1675.289
1649.484
1654.231
1650.673
1603.905
1608.506
1582.883
1594.508
1641.699
1634.643
1640.65
1667.522
1677.658
1649.53
1658.979
1649.5
1640.285
1644.395
1628.137
1635.172
1627.48
1624.546
1611.051
1615.919
1640.589
1665.812
1667.749
1652.368
1650.578
1638.198
1623.94
1616.231
1598.354
1549.501
1567.497
1541.53
1588.108
1564.489
1571.611
1549.466
1555.048
1558.524
1524.806
1523.522
1515.733
1483.348
1490.514
1462
1521.263
1529.507
1517.23
1530.963
1524.842
1511.711
1494.246
1496.242
1524.068
1507.668
1516.151
1562.722
1707.313
1706.591
1712.91
1723.545
1732.755
1713.705
1724.949
1730.919
1713.135
1722.188
1732.934
1729.986
1701.824
1696.94
1698.298
1687.945
1691.623
1701.718
1704.912
1713.861
1681.009
1673.861
1672.4
1665.109
1657.499
1665.674
1669.002
1651.594
1653.008
1661.871
1653.957
1670.619
1668.065
1659.802
1647.046
1634.566
1636.632
1646.722
1634.366
1646.792
1644.301
1671.351
1673.549
1686.111
1683.207
1670.685
1679.691
1676.77
1667.318
1666.618
1668.774
1674.07
1663.972
1641.807
1631.384
1621.582
1625.111
1620.355
1624.558
1625.759
1604.083
1604.881
1594.584
1619.354
1604.913
1602.591
1596.732
1597.837
1587.649
1581.618
1562.993
1535.366
1530.407
1524.051
1531.676
1524.728
1537.388
1513.097
1519.539
1524.925
1548.104
1548.965
1536.52
1520.313
1502.716
1510.882
1509.707
1507.496
1510.76
1531.842
1558.239
1552.561
1554.237
1522.187
1504.403
1485.913
1490.464
1460.795
1463.691
1451.29
1462.174
1425.843
1390.629
1395.497
1398.438
1371.167
1378.752
1417.525
1434.182
1395.675
1408.843
1414.454
1404.88
1405.525
1400.867
1383.84
1379.195
1383.91
1396.898
1408.515
1416.096
1411.719
1413.597
1427.936
1430.199
1430.827
1421.515
1384.152
1382.971
1366.362
1357.654
1320.63
1319.868
1334.679
1332.061
1372.067
1397.384
1384.859
1386.314
1466.851
1459.92
1485.618
1478.675
1482.681
1454.891
1460.53
1450.616
1479.07
1496.157
1500.639
1499.815
1480.169
1492.764
1510.671
1504.338
1510.95
1496.523
1496.468
1510.803
1509.486
1478.871
1481.936
1511.275
1513.175
1513.704
1511.932
1525.483
1524.304
1517.179
1498.343
1493.093
1468.919
1469.548
1475.008
1464.649
1466.044
1469.274
1459.892
1469.96
1464.54
1474.657
1477.766
1462.4
1456.271
1499.347
1491.941
1510.578
1522.546
1521.32
1511.729
1521.128
1515.132
1520.551
1543.674
1551.18
1576.86
1616.072
1631.47
1606.24
1613.604
1603.077
1571.714
1568.692
1541.96
1503.59
1487.147
1537.691
1509.313
1521.444
1531.867
1485.307
1522.924
1555.285
1554.452
1555.447
1535.52
1533.483
1546.113
1560.955
1569.512
1568.341
1551.811
1568.156
1576.261
1576.528
1562.237
1574.111
1556.249
1538.92
1530.215
1538.762
1565.84
1562.106
1566.766
1559.705
1557.175
1553.877
1538.754
1529.47
1511.365
1512.429
1502.077
1515.375
1497.054
1486.024
1484.704
1499.682
1504.436
1502.349
1501.484
1512.019
1503.314
1531.927
1528.854
1521.414
1525.439
1529.491
1539.358
1507.162
1495.885
1498.485
1502.148
1493.451
1477.651
1470.393
1477.296
1479.652
1476.742
1476.969
1494.365
1494.312
1486.252
1487.37
1471.272
1474.413
1479.283
1465.827
1455.899
1450.203
1445.089
1449.712
1441.664
1441.09
1438.883
1422.176
1425.212
1425.362
1415.693
1421.983
1449.816
1446.512
1447.85
1447.425
1431.533
1425.727
1420.074
1423.177
1423.96
1409.162
1397.54
1406.104
1389.822
1390.485
1391.37
1381.443
1390.174
1394.229
1376.291
1370.843
1355.335
1367.161
1371.685
1369.174
1404.008
1399.658
1388.172
1383.098
1365.505
1370.582
1359.498
1364.301
1398.01
1386.653
1381.83
1369.463
1369.325
1361.487
1344.633
1348.303
1364.055
1389.545
1385.11
1356.79
1335.205
1340.097
1343.616
1317.792
1319.608
1331.051
1328.103
1316.562
1338.87
1376.506
1361.559
1404.008
1408.415
1411.909
1389.103
1397.225
1432.703
1435.314
1445.026
1452.809
1451.118
1436.663
1443.366
1469.422
1470.023
1470.792
1470.357
1466.337
1453.995
1457.301
1446.285
1492.963
1500.64
1513.825
1512.597
1514.775
1496.427
1509.985
1497.044
1517.193
1568.353
1574.523
1587.204
1610.126
1581.466
1618.518
1612.683
1592.423
1586.493
1600.425
1628.837
1590.729
1623.88
1649.282
1685.159
1693.428
1679.193
1703.529
1691.009
1677.759
1663.832
1658.539
1696.827
1703.774
1717.096
1717.015
1721.752
1681.654
1682.297
1647.381
1654.898
1675.067
1689.76
1687.278
1661.812
1668.874
1662.096
1637.144
1637.099
1678.073
1691.643
1694.743
1736.22
1745.543
1745.098
1717.26
1747.872
1755.685
1741.695
1740.054
1736.477
1734.047
1719.674
1724.277
1741.623
1758.147
1768.645
1766.483
1777.516
1774.552
1770.279
1727.348
1722.986
1715.136
1697.156
1679.076
1693.861
1675.885
1669.422
1651.577
1657.785
1635.501
1635.499
1611.86
1606.801
1579.447
1595.587
1560.9351
1568.059
1603.768
1597.57
1562.688
1539.959
1555.442
1558.287
1549.061
1558.33
1550.348
1518.045
1524.436
1557.178
1548.722
1555.906
1579.658
1567.067
1543.527
1542.086
1517.145
1493.814
1468.071
1468.344
1472.072
1438.736
1463.777
1475.416
1445.501
1427.301
1433.467
1450.683
1440.729
1427.754
1401.113
1385.181
1408.689
1399.162
1441.068
1441.19
1444.59
1450.501
1438.398
1439.783
1430.654
1397.148
1399.461
1403.755
1421.544
1456.13
1457.537
1447.941
1448.037
1407.438
1407.396
1387.67
1384.128
1388.81
1407.331
1386.202
1373.217
1366.258
1404.505
1389.039
1390.461
1395.848
1400.769
1384.964
1368.196
1368.45
1354.511
1360.2
1358.216
1340.45
1341.738
1325.413
1344.626
1339.784
1334.422
1320.614
1319.407
1342.062
1321.462
1327.927
1327.116
1321.465
1324.294
1309.333
1284.307
1287.081
1260.316
1300.357
1355.226
1371.201
1414.702
1463.221
1448.562
1420.148
1464.779
1435.563
1427.398
1435.589
1420.009
1396.7
1422.929
1413.154
1384.439
1386.721
1332.938
1330.518
1335.394
1337.618
1330.584
1310.545
1329.355
1311.151
1324.783
1342.799
1341.737
1320.536
1305.291
1301.528
1326.749
1304.776
1305.128
1304.229
1307.429
1354.386
1347.07
1352.217
1370.046
1370.389
1356.138
1367.828
1379.96
1383.02
1371.244
1359.125
1358.333
1356.727
1337.434
1340.771
1334.944
1333.09
1337.197
1339.644
1323.752
1326.438
1338.81
1317.717
1309.695
1307.553
1313.045
1305.018
1290.49
1275.459
1275.17
1307.57
1282.719
1285.036
1280.272
1278.943
1274.313
1273.709
1266.496
1242.774
1251.937
1239.43
1244.746
1252.401
1257.462
1256.923
1256.314
1245.62
1216.652
1225.454
1218.108
1204.394
1234.476
1255.777
1254.234
1241.958
1225.891
1213.673
1191.823
1188.931
1252.5
1242.307
1269.004
1278.88
1276.134
1258.969
1284.48
1309.277
1309.475
1309.949
1312.445
1306.003
1303.412
1287.45
1294.339
1287.714
1293.739
1318.271
1316.791
1286.233
1289.941
1293.5
1269.144
1255.589
1243.475
1227.403
1231.046
1206.922
1201.649
1208.192
1205.634
1200.113
1195.018
1172.574
1181.236
1223.566
1202.967
1191.745
1214.868
1225.487
1248.521
1240.972
1219.511
1248.203
1234.332
1216.962
1197.735
1199.902
1184.193
1172.556
1169.187
1157.971
1165.335
1148.757
1169.118
1159.146
1130.835
1135.561
1124.271
1103.993
1107.627
1095.468
1099.64
1102.965
1103.475
1099.269
1070.844
1073.847
1072.137
1058.867
1051.946
1060.162
1060.738
1039.187
1016.063
1013.637
1034.378
1030.941
1115.582
1131.052
1108.286
1106.291
1093.464
1072.836
1086.01
1085.61
1115.62
1101.486
1102.033
1093.702
1101.882
1124.64
1108.588
1104.992
1080.938
1055.594
1047.278
1039.043
1033.545
1038.597
1017.983
1011.499
1046.161
1037.394
1040.416
1026.115
1012.097
1014.355
1021.052
1020.632
1046.321
1045.4
1072.807
1089.909
1086.548
1083.033
1088.948
1104.038
1107.699
1102.589
1128.743
1138.882
1152.534
1165.033
1183.579
1167.915
1187.006
1177.278
1192.834
1148.035
1150.184
1158.597
1149.957
1167.137
1172.475
1171.86
1154.428
1146.385
1162.798
1184.933
1188.848
1196.224
1173.322
1194.309
1194.411
1189.625
1188.212
1207.164
1217.261
1217.281
1212.947
1220.627
1212.617
1187.988
1159.96
1151.98
1155.042
1133.237
1131.774
1155.485
1155.614
1138.95
1157.192
1161.853
1152.607
1139.547
1131.375
1141.201
1134.608
1135.949
1141.318
1141.171
1121.918
1097.161
1097.782
1080.867
1092.817
1089.95
1104.792
1095.273
1100.045
1100.65
1110.147
1108.153
1088.301
1090.195
1088.653
1087.508
1095.89
1095.31
1116.999
1119.936
1098.655
1105.746
1113.374
1114.916
1110.823
1096.986
1099.261
1098.747
1094.287
1079.197
1087.794
1099.615
1098.323
1113.477
1116.367
1117.846
1125.387
1123.555
1127.508
1131.751
1136.342
1130.759
1135.238
1144.871
1156.823
1154.288
1157.034
1169.862
1161.057
1180.963
1197.269
1209.422
1215.668
1220.618
1211.053
1226.704
1221.459
1202.869
1208.438
1233.35
1251.576
1255.308
1255.774
1252.062
1258.046
1287.626
1282.096
1290.055
1269.454
1282.656
1279.64
1286.327
1299.166
1270.633
1267.408
1267.542
1288.419
1284.226
1288.847
1296.866
1297.186
1299.03
1306.586
1285.666
1293.297
1288.955
1259.916
1250.384
1245.166
1245.653
1259.674
1259.044
1274.812
1274.19
1269.462
1288.418
1290.395
1296.706
1302.457
1294.704
1295.915
1298.791
1305.567
1294.718
1298.295
1319.471
1329.798
1340.162
1339.737
1342.965
1359.081
1362.229
1360.132
1332.33
1359.538
1378.614
1385.114
1396.702
1385.9
1416.793
1409.786
1399.767
1417.477
1416.732
1440.223
1497.104
1531.161
1545.687
1537.377
1602.832
1664.088
1613.251
1625.146
1617.281
1659.545
1657.689
1604.552
1590.924
1591.425
1613.894
1648.538
1657.288
1641.3
1684.195
1669.399
1684.624
1679.126
1589.545
1591.49
1551.384
1552.798
1548.495
1531.327
1533.98
1574.467
1586.286
1592.332
1598.116
1596.066
1605.711
1633.449
1639.551
1639.286
1671.618
1672.211
1697.282
1681.547
1718.555
1741.47
1730.19
1734.329
1745.806
1740
1655.773
1665.208
1682.887
1684.252
1645.16
1655.122
1665.328
1665.944
1685.461
1686.654
1675.168
1662.031
1612.733
1600.614
1600.872
1601.058
1570.15
1547.436
1580.577
1578.566
1606.065
1605.926
1570.738
1595.657
1616.41
1603.332
1598.018
1601.15
1613.355
1612.396
1623.017
1623.034
1650.438
1651.024
1655.195
1658.638
1636.691
1657.52
1664.078
1672.121
1661.19
1667.984
1674.966
1695.862
1689.389
1689.692
1721.045
1732.987
1735.241
1732.453
1740.901
1725.361
1722.366
1712.637
1725.039
1736.963
1752.424
1785.385
1784.862
1790.104
1778.181
1784.656
1771.299
1763.901
1787.185
1792.253
1790.364
1759.394
1805.181
1806.646
1810.646
1807.175
1809.656
1837.993
1855.713
1851.314
1866.362
1886.307
1889.53
1866.817
1896.482
1883.347
1863.765
1888.239
1922.935
1941.547
1971.793
2017.279
2037.552
2041.355
2062.363
2050.812
2047.277
2038.721
2054.091
2099.289
2102.049
2161.648
2173.285
2156.604
2156.75
2093.638
2180.496
2218.951
2223.455
2249.11
2273.908
2332.434
2364.177
2373.205
2342.938
2343.668
2435.762
2479.732
2536.387
2567.594
2675.474
2715.719
2641.334
2707.199
2807.804
2825.576
2770.11
2668.11
2794.701
2821.017
2778.9
2756.983
2832.207
2933.19
2949.144
2975.129
2857.365
2882.558
2945.263
2930.562
2786.335
2785.432
2673.212
2612.537
2675.697
2716.175
2737.732
2730.386
2807.174
2831.872
2905.093
2993.008
2998.474
3040.599
2771.791
2881.073
2797.19
2831.526
2785.306
2840.175
2896.594
2928.015
2937.91
2954.914
2964.794
2906.334
2951.698
2930.481
3014.442
3032.195
3057.38
3071.225
3074.286
3122.811
3138.826
3173.018
3197.537
3183.983
3252.595
3291.299
3291.542
3319.14
3323.585
3398.95
3444.291
3495.224
3531.029
3518.267
3596.441
3611.87
3612.396
3449.016
3584.204
3710.886
3720.532
3743.959
3783.063
3759.867
3841.272
3950.011
4013.085
4049.701
4021.678
4046.392
3899.178
3986.043
4048.293
4030.258
4072.225
4110.379
4173.709
4151.133
4179.776
4272.111
4334.924
4053.088
4109.654
4000.742
3670.401
3767.101
3776.317
3890.803
3913.135
3995.68
4072.138
4176.48
4115.209
4132.869
4253.348
4269.524
4181.323
4230.823
4091.445
3941.081
3973.371
4078.599
3914.204
3820.703
3836.294
3899.724
3816.165
3615.872
3781.348
3883.216
3853.021
3865.723
3915.991
3914.395
3821.916
3896.191
3930.06
3912.941
4058.853
4213.361
4210.329
4323.966
4346.458
4345.357
4440.769
4471.032
4300.563
4407.73
4560.774
4628.108
4651.225
4663.162
4754.095
4749.369
4820.064
4872.785
4869.883
4765.448
4656.574
4904.855
4955.207
4980.075
5032.494
5107.668
5150.118
5194.689
5109.427
5167.884
5218.825
5321.055
5294.045
5310.716
5393.66
5277.176
5355.287
5113.968
5172.627
5273.592
5312.182
5421.392
5425.208
5395.265
5470.065
5454.674
5485.013
5425.88
5338.52
5409.403
5552.301
5692.755
5715.892
5771.464
5913.23
5903.264
6030.086
6092.057
6036.281
5825.282
5818.047
5667.332
5773.387
5843.109
5562.394
5589.631
5747.997
5897.193
5954.765
5914.285
5777.809
5634.452
5536.569
5601.783
5330.023
5315.54
5187.735
5158.118
5412.694
5365.267
5316.274
5269.817
5293.703
5214.225
4984.161
5032.13
4958.849
4861.111
4803.394
5003.333
4871.778
4868.611
4915.889
5042.654
5035.073
5091.756
5161.919
5175.076
5095.543
4958.043
5007.911
4876.761
4836.174
4941.784
5043.535
5101.779
5234.262
5201.181
5233.351
5308.889
5261.563
5272.814
5319.861
5361.574
5393.343
5386.531
5435.807
5456.541
5484.677
5497.901
5443.791
5290.606
5151.626
5180.514
4914.435
4559.751
4703.047
4717.734
4761.688
4419.294
4457.944
4417.849
4383.393
4320.767
4672.17
4599.696
4490.721
4552.316
4497.127
4568.151
4664.295
4567.026
4527.177
4370.285
4192.533
4238.179
4334.047
4299.513
4348.543
4438.265
4335.446
4292.654
4360.986
4300.515
4146.299
4165.878
4070.116
3971.257
3962.673
3820.048
3668.897
3761.605
3804.054
3796.576
3626.188
3629.619
3606.857
3411.493
3580.146
3472.713
3329.162
3347.882
3446.244
3599.618
3612.539
3413.907
3471.743
3492.893
3296.672
3348.353
3291.599
3222.741
3094.668
3116.977
3147.793
3278.33
3583.028
3557.749
3474.722
3523.405
3693.106
3761.009
3733.503
3579.147
3656.839
3613.494
3626.982
3560.243
3657.432
3637.324
3624.233
3604.761
3443.162
3544.186
3485.63
3473.091
3364.544
3375.407
3459.026
3401.437
3433.354
3459.044
3436.398
3369.913
3351.645
3329.67
3072.333
3024.24
2957.532
2868.8
2874.103
2794.751
2941.115
2748.874
2831.736
2760.417
2803.019
2905.014
2901.85
2748.432
2736.103
2651.605
2651.725
2703.529
2669.892
2792.397
2814.947
2920.546
2875.45
2856.634
2878.256
2779.448
2705.867
2684.778
2778.367
2861.418
2846.117
2837.849
2910.292
2865.101
2903.012
2850.311
2836.668
2775.717
2801.817
2741.74
2690.746
2719.368
2727.577
2605.719
2470.074
2457.198
2446.297
2437.082
2450.61
2319.868
2344.469
2523.282
2431.716
2405.226
2413.374
2350.084
2342.147
2350.143
2397.369
2325.135
2304.891
2276.672
2277.411
2202.446
2143.421
2145.779
2150.759
2078.981
2079.673
1986.636
1929.047
1895.837
2075.091
2236.41
2201.51
2216.811
2297.501
2293.784
2173.738
2157.839
2092.224
2074.583
2000.572
2073.568
2017.321
1994.667
1909.941
1930.651
1974.006
1958.529
1895.822
1875.561
1839.621
1723.351
1771.821
1719.812
1763.607
1728.786
1719.774
1706.703
1760.609
1717.722
1747.713
1874.801
1843.607
1859.11
1927.613
1986.438
2030.485
1902.43
2017.474
1983.76
1969.389
1897.06
1888.715
1897.884
1917.861
1871.156
1894.615
1889.638
1965.414
2001.504
2018.656
2090.773
2037.74
2079.117
2031.681
1954.215
1964.374
1975.006
1976.819
2015.694
2018.463
1987.755
1897.225
1863.8
1852.419
1851.518
1850.48
1832.91
1820.805
1880.716
1937.145
1924.012
1878.181
1904.861
1900.347
1863.367
1928.869
1920.206
1954.438
1986.672
1994.107
1985.016
2004.951
1990.657
2011.683
2060.808
2107.749
2098.018
2181.239
2224.714
2265.161
2260.82
2248.091
2320.792
2389.387
2319.441
2209.862
2227.125
2261.478
2305.777
2200.654
2206.574
2121.251
2082.852
2093.447
2071.431
2198.107
2221.076
2193.007
2118.748
2158.568
2139.025
2133.881
2128.848
2153.291
2218.326
2223.725
2265.759
2281.087
2325.48
2338.42
2291.555
2361.704
2374.438
2358.04
2373.213
2408.017
2425.291
2419.778
2439.182
2347.385
2379.876
2444.226
2513.701
2527.181
2536.056
2534.134
2503.935
2557.456
2535.828
2461.346
2463.954
2448.595
2405.348
2401.438
2468.192
2477.569
2559.911
2567.337
2592.52
2597.447
2625.645
2579.747
2618.172
2663.766
2639.887
2645.263
2652.779
2676.682
2651.414
2610.622
2597.601
2610.01
2588.575
2632.93
2721.28
2724.302
2778.589
2767.244
2753.891
2768.336
2787.887
2816.247
2797.32
2743.762
2789.549
2776.022
2810.123
2853.903
2880.492
2896.302
2892.697
2922.299
2925.046
2928.211
2975.314
2959.362
3008.15
3060.254
3088.367
3124.667
3089.45
3080.774
3123.035
3113.932
3080.556
3145.157
3188.551
3183.742
3189.741
3266.92
3213.206
3296.615
3328.49
3372.603
3435.212
3438.371
3266.432
3321.56
3412.062
3462.59
3471.442
3428.501
3356.33
3260.69
3249.76
3264.726
3112.719
3140.56
3046.972
2870.63
2910.884
2785.584
2911.582
2960.771
2993.429
2915.803
2967.595
2946.395
2860.688
2667.745
2683.724
2714.974
2845.024
2861.609
2881.116
2930.475
2946.259
2924.883
2989.792
3026.741
3033.728
2999.71
3060.26
2962.667
2967.011
2897.553
2842.721
2853.554
2838.842
2763.525
2754.54
2779.426
2911.715
2894.483
2936.191
2970.532
2979.788
2976.633
3038.273
3084.454
3070.589
3051.412
3107.847
3109.566
3021.459
3031.329
2960.466
2995.848
3076.649
3114.227
3128.537
3155.053
3164.037
3175.585
3178.61
3175.192
3172.945
3187.647
3275.048
3282.889
3303.234
3320.612
3308.346
3338.663
3223.526
3290.165
3170.98
3096.265
3195.301
3235.363
3269.752
3264.628
3317.044
3331.897
3296.664
3239.568
3254.264
3247.318
3302.904
3274.46
3255.213
3179.078
3113.886
3122.973
3050.52
3073.777
3153.41
3141.353
3188.785
3211.761
3262.6
3277.139
3243.76
3282.179
3254.215
3192.776
3195.997
3212.75
3273.966
3172.658
3215.55
3224.152
3237.098
3246.874
3151.85
3158.863
3128.588
3094.411
3019.394
2986.607
2994.143
2989.292
2941.36
2934.713
3003.835
2995.308
2939.402
2935.174
2948.842
2982.5
2985.499
3018.133
3003.398
2982.575
3022.177
3060.618
3051.943
3087.842
3073.108
3097.005
3023.373
3031.065
3053.232
3069.141
3048.927
3051.282
3013.412
2976.939
2992.841
3050.479
3046.089
3067.75
3074.576
3053.125
3056.808
3019.176
3059.715
3123.798
3128.468
3109.105
3147.416
3157.957
3158.681
3148.222
3118.709
3145.347
3129.263
3161.251
3166.183
3164.966
3130.302
2980.297
2979.533
3033.278
2999.484
2983.537
2969.503
2907.928
2900.331
2868.432
2870.611
2835.277
2857.151
2739.702
2688.383
2698.757
2647.574
2655.714
2710.507
2696.629
2559.931
2594.783
2587.807
2555.94
2583.522
2673.423
2622.63
2625.793
2655.918
2655.767
2592.147
2568.283
2571.423
2552.656
2553.593
2511.729
2513.947
2583.87
2562.58
2569.942
2560.245
2513.222
2586.21
2588.698
2569.872
2566.745
2552.817
2535.278
2427.053
2398.37
2373.792
2382.901
2363.947
2409.424
2421.117
2415.15
2470.923
2490.718
2450.286
2470.44
2424.304
2424.271
2475.421
2528.73
2535.394
2562.406
2572.028
2588.683
2575.368
2633.663
2648.116
2637.503
2672.516
2627.002
2638.522
2620.757
2658.392
2672.533
2595.274
2607.497
2575.475
2606.7
2661.708
2671.893
2666.301
2687.979
2642.307
2639.366
2650.307
2596.58
2603.481
2610.742
2652.664
2638.798
2622.882
2655.776
2655.394
2696.25
2698.363
2695.291
2656.352
2663.209
2688.32
2688.522
2652.503
2602.465
2598.689
2588.713
2591.55
2627.967
2611.354
2610.678
2655.658
2738.744
2806.942
2841.407
2861.361
2879.636
2971.16
2955.227
3001.853
3003.951
2983.533
2975.043
3051.419
3041.543
2997.048
2992.579
2978.835
3054.021
3045.434
3030.988
3086.939
3129.497
3159.512
3135
3115.356
3147.744
2985.435
3014.413
2894.538
2838.857
2865.452
2888.566
2884.371
2828.282
2859.936
2898.261
2871.698
2866.356
2820.181
2823.449
2843.607
2842.431
2857.178
2875.861
2848.546
2810.949
2841.04
2922.954
2927.077
2911.414
2898.138
2893.74
2852.916
2904.115
2877.9
2855.22
2835.157
2781.402
2732.99
2751.527
2759.575
2808.077
2852.648
2838.593
2824.197
2838.801
2791.809
2804.047
2821.305
2827.713
2791.344
2706.66
2708.979
2758.097
2677.652
2715.294
2695.72
2677.432
2708.814
2749.15
2752.75
2790.694
2798.96
2774.065
2818.163
2827.328
2899.134
2899.237
2923.896
2926.964
2899.792
2932.246
2855.516
2862.634
2878.603
2878.565
2905.053
2918.92
2913.808
2902.978
2942.306
2996.211
2999.942
3002.154
2957.143
2933.796
2937.627
2896.256
2930.804
2897.298
2906.886
2909.137
2919.142
2948.477
2946.706
2977.814
2984.005
2958.077
2955.771
2928.111
2967.41
3001.36
3007.909
3030.021
3022.746
3021.369
3050.398
3042.635
3050.526
3057.329
2999.041
3007.037
3026.668
3010.517
2964.951
2938.981
2925.408
2887.044
2911.511
2932.188
2866.017
2872.404
2863.886
2872.46
2890.634
2883.42
2844.083
2871.031
2849.067
2852.773
2872.771
2859.574
2858.459
2774.569
2767.056
2741.741
2736.527
2709.947
2706.361
2743.472
2743.572
2705.181
2728.02
2744.3
2750.288
2703.345
2705.143
2700.379
2730.04
2705.431
2664.283
2642.818
2621.253
2646.483
2649.321
2688.249
2746.211
2758.23
2759.202
2728.483
2762.076
2759.362
2812.818
2816.355
2810.479
2794.267
2797.774
2802.692
2754.582
2795.476
2810.444
2820.169
2816.688
2796.983
2794.205
2765.894
2770.79
2688.746
2703.026
2723.492
2708.777
2701.729
2703.783
2679.259
2678.485
2684.039
2626.423
2526.816
2526.07
2549.176
2581.508
2593.173
2626.77
2608.166
2601.261
2559.472
2534.358
2515.863
2554.019
2541.091
2615.261
2612.188
2576.413
2566.595
2567.34
2556.042
2528.28
2478.739
2470.524
2516.09
2498.943
2497.753
2471.305
2484.827
2479.055
2482.343
2437.795
2447.755
2512.963
2443.057
2433.159
2393.183
2415.054
2392.062
2365.343
2359.22
2344.787
2348.516
2420
2438.79
2431.375
2440.402
2383.485
2377.512
2331.366
2317.275
2370.333
2409.672
2427.48
2435.614
2473.41
2468.25
2470.019
2504.108
2508.09
2528.294
2509.799
2503.836
2524.919
2479.536
2481.084
2528.714
2529.761
2466.959
2463.046
2416.562
2415.13
2412.625
2395.065
2397.554
2380.224
2383.034
2412.393
2333.414
2386.86
2360.664
2333.229
2325.905
2332.73
2329.82
2315.27
2291.545
2248.59
2228.525
2180.895
2224.84
2218.235
2215.93
2191.148
2186.297
2204.784
2190.11
2166.205
2170.013
2173.561
2199.417
2169.39
2148.452
2163.395
2225.89
2285.744
2276.046
2275.01
2244.58
2206.193
2298.376
2266.384
2296.075
2319.118
2285.038
2292.61
2268.08
2312.556
2330.405
2331.136
2291.902
2347.53
2349.589
2351.981
2351.855
2344.771
2366.702
2356.86
2357.181
2363.597
2381.43
2403.587
2409.554
2439.628
2447.057
2451.857
2428.487
2426.115
2460.693
2445.002
2410.445
2394.794
2420.276
2439.462
2434.859
2455.795
2391.23
2373.774
2404.736
2410.184
2376.839
2378.195
2375.772
2349.539
2350.599
2347.179
2284.881
2252.16
2262.788
2302.241
2306.553
2285.777
2305.863
2308.925
2350.864
2359.161
2357.026
2334.985
2380.848
2378.634
2406.863
2388.588
2388.834
2406.813
2404.697
2396.316
2438.436
2440.08
2452.014
2451.947
2448.884
2408.587
2410.23
2394.983
2380.725
2374.843
2346.192
2378.886
2344.52
2348.3
2373.307
2363.437
2350.973
2333.553
2361.367
2389.636
2384.668
2372.234
2373.436
2308.55
2311.916
2309.555
2293.13
2281.447
2305.856
2289.791
2318.924
2295.946
2306.85
2316.052
2300.795
2292.877
2260.877
2224.114
2222.067
2216.934
2195.843
2225.431
2226.11
2229.193
2227.315
2201.353
2223.579
2170.814
2164.437
2175.383
2185.491
2185.895
2147.955
2161.186
2169.099
2184.841
2168.638
2141.402
2146.589
2136.151
2126.004
2128.765
2109.914
2103.634
2123.36
2111.182
2132.796
2154.916
2157.62
2160.99
2174.102
2168.814
2136.078
2142.525
2118.945
2112.197
2114.891
2106.957
2118.268
2107.711
2113.072
2092.104
2055.708
2073.154
2053.235
2052.585
2047.522
2059.147
2043.649
2037.681
2051.918
2127.762
2134.893
2120.554
2126.554
2110.379
2123.847
2078.5
2059.543
2067.831
2024.837
2026.69
2033.192
2029.293
2004.172
2056.323
2086.169
2074.419
2115.23
2119.942
2102.868
2104.932
2098.703
2098.808
2105.618
2131.688
2128.302
2132.758
2114.447
2115.99
2101.58
2066.209
2058.943
2062.347
2068.88
2104.428
2117.046
2114.027
2105.999
2105.73
2071.509
2069.067
2079.274
2047.889
2055.419
2030.29
2014.725
2016.982
2008.923
2030.319
2015.611
2027.384
2017.464
1991.165
1973.523
1963.488
1980.117
1959.767
1975.143
2031.907
2029.237
2061.786
2083.77
2074.704
2082.726
2061.476
2150.625
2160.342
2162.464
2162.239
2168.353
2153.31
2159.053
2213.611
2219.132
2205.897
2233.252
2269.128
2276.992
2285.364
2276.07
2275.34
2283.658
2242.997
2311.74
2325.682
2309.499
2284.909
2317.07
2328.221
2315.139
2320.911
2302.598
2291.304
2346.505
2358.977
2382.475
2385.422
2419.02
2428.154
2433.13
2434.477
2418.53
2432.402
2421.558
2382.914
2397.178
2325.951
2314.164
2325.819
2293.341
2313.22
2365.593
2359.506
2273.404
2326.306
2347.179
2324.293
2318.611
2310.593
2286.605
2263.968
2270.277
2278.401
2240.016
2257.434
2317.374
2324.242
2328.278
2326.715
2297.669
2301.259
2236.302
2236.621
2234.395
2227.74
2225.295
2211.592
2225.775
2226.126
2219.553
2206.78
2181.942
2194.846
2193.796
2197.602
2244.643
2242.169
2184.538
2218.318
2199.307
2177.912
2174.123
2205.497
2231.166
2235.575
2246.3
2232.971
2246.831
2241.92
2217.01
2224.797
2251.806
2282.87
2299.986
2305.114
2302.403
2275.667
2288.533
2293.077
2321.318
2324.017
2317.749
2300.595
2299.252
2272.416
2270.931
2242.11
2210.898
2148.355
2162.041
2156.215
2159.291
2143.454
2084.021
2073.095
1963.235
1959.508
1951.495
1950.013
1979.206
1995.242
2006.56
1994.268
2006.098
2007.199
1958.273
1965.454
2008.126
2072.991
2039.486
2059.39
2065.72
2044.922
2023.396
1992.648
2004.762
2043.876
2033.329
2021.174
2010.85
1976.306
1990.064
1993.799
2029.067
2029.418
2050.481
2060.5
2046.778
2044.895
2052.235
2101.283
2106.156
2100.137
2081.88
2068.452
2085.602
2072.595
2072.961
2067.124
2057.458
2096.474
2103.567
2101.301
2097.227
2098.382
2098.448
2123.112
2127.618
2122.43
2139.993
2212.516
2237.984
2241.268
2255.605
2236.217
2231.401
2185.56
2191.851
2221.044
2207.531
2198.515
2155.809
2160.027
2174.665
2198.199
2211.769
2190.929
2228.146
2237.773
2233.412
2193.074
2188.542
2193.78
2229.237
2210.652
2183.107
2164.322
2132.955
2133.869
2128.864
2160.463
2141.614
2149.562
2149.634
2157.24
2139.607
2129.4
2106.127
2109.471
2126.772
2087.941
2100.506
2135.827
2197.219
2193.125
2206.613
2205.766
2196.378
2186.115
2183.073
2201.07
2219.372
2220.504
2207.371
2222.67
2251.762
2247.063
2237.108
2238.2
2237.492
2204.166
2202.796
2196.075
2160.861
2151.079
2148.285
2127.792
2084.794
2089.707
2092.905
2106.354
2073.099
2101.251
2097.529
2115.978
2109.387
2083.136
2045.709
2047.317
2044.34
2027.622
2013.298
2009.564
2026.842
2023.348
2023.701
2004.949
1991.253
2008.313
2051.749
2042.18
2054.392
2033.3
2038.513
2049.914
2033.083
2044.497
2086.067
2103.671
2109.955
2098.401
2115.848
2135.415
2119.066
2142.554
2138.782
2113.693
2076.686
2034.219
2041.254
2047.354
2056.302
2075.235
2071.473
2053.084
2059.578
2057.908
1999.065
2001.157
1997.692
2019.111
2004.339
2023.673
2025.196
2021.734
1993.479
2047.619
2066.279
2067.311
2063.67
2046.588
2041.712
2033.306
2047.46
2058.988
2043.702
2058.831
2098.284
2105.237
2134.3
2130.542
2131.539
2101.601
2105.122
2098.885
2097.748
2065.826
2072.831
2067.382
2057.033
2036.519
2003.487
2020.341
2026.358
2027.353
2028.038
2010.083
2015.274
2011.135
2052.871
2050.728
2047.91
2024.974
2026.504
2005.183
2008.119
2024.951
2021.285
2034.569
2041.476
2034.565
2050.228
2040.595
2039.212
2038.305
2024.834
2040.878
2029.956
2030.502
2052.532
2054.948
2051.713
2070.715
2085.983
2066.698
2055.519
2023.735
2026.674
2024.365
2033.931
2025.502
2038.677
2036.51
2048.327
2050.381
2059.418
2063.229
2059.375
2059.927
2064.021
2038.612
2038.342
2046.961
2066.646
2070.357
2067.276
2055.591
2059.067
2054.479
2075.481
2078.489
2105.062
2126.614
2177.948
2183.192
2181.243
2201.562
2185.303
2223.331
2219.945
2217.465
2187.669
2194.425
2224.654
2221.595
2222.877
2206.466
2226.734
2239.466
2245.33
2240.211
2230.458
2240.812
2229.274
2207.106
2209.465
2195.818
2217.2
2235.511
2266.046
2288.627
2306.862
2326.432
2326.527
2318.305
2311.679
2331.95
2339.14
2296.555
2307.893
2315.928
2329.451
2289.866
2309.718
2343.575
2345.103
2347.718
2357.711
2363.87
2382.794
2389.371
2374.54
2366.009
2359.475
2373.67
2356.499
2341.184
2356.728
2339.657
2326.553
2302.418
2302.28
2290.437
2337.871
2373.03
2391.076
2420.178
2430.032
2430.677
2419.254
2425.864
2418.171
2473.673
2469.673
2494.476
2485.606
2478.824
2474.009
2456.366
2450.986
2452.66
2486.791
2532.879
2567.597
2604.345
2630.486
2682.835
2680.155
2763.545
2779.525
2899.456
2937.647
3020.258
2856.269
2940.006
2925.743
2938.173
2953.421
3021.518
3061.02
3057.521
3108.596
3127.445
3032.612
2972.532
3072.536
3157.603
3168.016
3165.815
3234.677
3350.519
3351.446
3373.954
3293.456
3285.412
3229.316
3235.301
3222.437
3336.455
3376.495
3116.351
3173.052
3323.611
3343.344
3351.764
3383.182
3352.96
3305.738
3262.305
3210.363
3128.3
3204.907
3174.126
3136.531
3075.907
3095.124
3141.593
3157.704
3173.416
3203.827
3222.363
3246.906
3228.843
3298.359
3310.303
3336.285
3263.052
3279.533
3248.476
3241.187
3302.408
3286.068
3290.9
3349.323
3372.911
3449.305
3502.847
3577.301
3582.271
3617.318
3687.728
3691.41
3660.727
3682.095
3691.096
3786.568
3747.899
3810.294
3825.784
3863.929
3961.378
3994.811
3957.534
4034.31
4121.715
4135.565
4084.163
4194.823
4287.296
4217.077
4293.623
4398.494
4414.508
4393.686
4527.396
4476.215
4476.62
4441.655
4480.464
4298.706
4229.266
4112.214
4205.917
4333.584
4401.219
4375.76
4378.311
4308.691
4283.491
4417.552
4446.288
4529.422
4657.596
4813.798
4910.897
4941.714
4620.266
4611.744
4828.738
4910.527
4909.978
4947.102
5023.096
5131.881
5113.534
5106.036
5121.593
5166.35
5062.993
4887.432
4967.898
4785.356
4478.364
4576.492
4690.15
4527.779
4192.873
4053.03
4277.222
4053.7
3912.767
3686.915
3775.912
3727.125
3507.192
3709.33
3877.803
3970.388
3924.487
3805.703
3823.176
3957.352
3992.11
4017.675
4026.045
4123.923
4070.908
3725.558
3663.002
3789.168
3705.766
3663.726
3622.905
3756.545
3694.573
3661.539
3744.205
3928.415
3927.908
3886.32
3954.556
3965.335
3993.668
3748.164
3794.109
3664.291
3507.744
3209.905
2964.967
2927.288
3083.591
3232.35
3205.986
3166.624
3160.167
3080.42
3170.452
3243.089
3197.893
3200.234
3114.798
3005.172
3152.263
3086.061
3097.917
3156.54
3185.619
3115.888
3142.687
3092.347
3100.756
3038.137
3052.781
3143.357
3183.152
3287.662
3293.23
3262.441
3338.073
3391.352
3386.7
3425.33
3320.676
3368.739
3412.434
3429.581
3434.336
3375.196
3387.315
3382.561
3325.085
3316.695
3459.64
3522.819
3590.032
3646.881
3640.485
3650.249
3632.902
3580.839
3606.957
3604.795
3568.468
3617.062
3630.5
3610.32
3616.113
3647.93
3635.552
3436.303
3445.405
3456.309
3536.905
3584.824
3524.992
3536.927
3470.07
3472.439
3455.495
3434.581
3520.668
3510.354
3516.187
3579.999
3578.964
3642.472
3651.767
3636.089
3612.485
3627.914
3533.779
3563.736
3572.876
3539.182
3296.258
3287.711
3361.84
3125.002
3186.412
3016.704
3022.861
2949.597
3007.649
2900.97
2913.8367
3007.7393
2976.6938
2880.4816
2916.5624
2938.5149
2749.7854
2735.5578
2655.6609
2737.5996
2688.8536
2749.5703
2739.2469
2781.0227
2763.492
2746.1958
2836.5705
2867.3379
2862.8927
2860.0208
2927.175
2903.3313
2928.896
2741.2454
2767.2097
2687.9788
2733.17
2849.6811
2859.7582
2874.1468
2897.3395
2901.387
2862.556
2804.7255
2810.3074
2859.499
2864.3684
2870.43
2904.8319
2955.1498
3018.8017
2999.3628
3009.9604
2960.9704
2979.4343
2957.82
2919.8318
3000.6449
3003.9152
3009.5298
3053.0654
3050.592
3008.42
2984.9582
3033.957
3023.6464
3066.6381
3082.3615
3078.1166
3033.6604
3042.8232
2972.5837
2952.8911
2959.24
2946.6704
2964.6997
2953.6709
2945.5886
2938.3235
2992.6432
2991.2721
2997.8416
2913.2476
2832.1125
2832.5912
2837.0372
2835.8618
2827.1087
2850.8617
2843.6841
2807.5141
2806.9061
2825.4831
2843.645
2821.6663
2815.0863
2822.4429
2821.046
2822.4509
2916.616
2913.5077
